{
 "cells": [
  {
   "cell_type": "markdown",
   "metadata": {},
   "source": [
    "* By: Rino Hilman\n",
    "* Email: rinohilman@yahoo.com\n",
    "* Reference: __Detection of False Investment Strategies using Unsupervised Learning Methods__  by Marcos Lopez de Prado and  Michael J. Lewis "
   ]
  },
  {
   "cell_type": "markdown",
   "metadata": {},
   "source": [
    "\n",
    "# Optimal Number of Clusters (ONC)\n",
    "\n",
    "* The code is written for python 3\n",
    "\n",
    "\n",
    "## Introduction\n",
    "\n",
    "Optimal Number of Clusters algorithm has a purpose to detect optimal number of K-Means clusters using feature correlation matrix and silhouette scores.\n",
    "Implementations in this notebook are based on the paper __Detection of False Investment Strategies using Unsupervised Learning Methods__ [available here](https://papers.ssrn.com/sol3/abstract_id=3167017).\n",
    "\n",
    "The output of the ONC algorithm is a tuple that contains:\n",
    "\n",
    "    Correlation Matrix\n",
    "    Optimized Clusters\n",
    "    Silhouette Scores\n",
    "\n",
    "The Correlation Matrix shows a re-arranged input matrix based on ONC optimization, Optimized Clusters show the optimal clusters, and the Silhouette Scores show the Silhouette Scores of every element of the clusters."
   ]
  },
  {
   "cell_type": "markdown",
   "metadata": {},
   "source": [
    "## Purpose\n",
    "\n",
    "This notebook shows the ONC algorithm execution process and the performance assessment of the clustering algorithm."
   ]
  },
  {
   "cell_type": "markdown",
   "metadata": {},
   "source": [
    "## Exercises"
   ]
  },
  {
   "cell_type": "markdown",
   "metadata": {},
   "source": [
    "The following exercises contain the random correlation matrix generator, the ONC clustering algorithm, and assessments of the result.\n",
    "\n",
    "Code used in this part is partially taken from the __Detection of False Investment Strategies using Unsupervised Learning Methods__ paper."
   ]
  },
  {
   "cell_type": "code",
   "execution_count": 4,
   "metadata": {},
   "outputs": [
    {
     "name": "stdout",
     "output_type": "stream",
     "text": [
      "\n",
      "\n",
      "Support us on Patreon: https://www.patreon.com/HudsonThames\n",
      "\n",
      "MlFinLab needs you! We need your help for us to keep on maintaining and implementing academic research based on \n",
      "financial machine learning (for open-source). In order for us to continue we need to raise $4000 of monthly donations\n",
      "via Patreon - by December 2020. If we can't reach our goal, we will need to adopt more of a paid for service. We thought\n",
      "that the best and least impactful course of action (should we not reach our goal) is to leave the package as open-source\n",
      "but to make the documentation (ReadTheDocs) a paid for service. This is the ultimate litmus test, if the package is a \n",
      "value add, then we need the community to help us keep it going.\n",
      "\n",
      "Our road map for 2020 is to implement the text book: Machine Learning for Asset Managers by Marcos Lopez de Prado, \n",
      "as well as a few papers from the Journal of Financial Data Science. We are hiring a full time developer for 3 months \n",
      "to help us reach our goals. The money that you, our sponsors, contribute will go directly to paying salaries and other \n",
      "expenses such as journal subscriptions and data. \n",
      "\n",
      "We need your help to continue maintaining and developing this community. Thank you for using our package and we \n",
      "invite you to join our slack channel using the following link:\n",
      "https://join.slack.com/t/mlfinlab/shared_invite/zt-c62u9gpz-VFc13j6da~UVg3DkV7~RjQ\n",
      "\n",
      "\n",
      "\n"
     ]
    }
   ],
   "source": [
    "#Import necessary packages\n",
    "import random\n",
    "import numpy as np\n",
    "import pandas as pd\n",
    "import seaborn as sns\n",
    "import mlfinlab as ml\n",
    "from scipy.linalg import block_diag \n",
    "from sklearn.utils import check_random_state, shuffle\n",
    "import matplotlib.pyplot as plt\n",
    "from sklearn.metrics import silhouette_samples, silhouette_score\n",
    "from sklearn.cluster import KMeans"
   ]
  },
  {
   "cell_type": "markdown",
   "metadata": {},
   "source": [
    "## Random Correlation Block - Matrices Algorithm"
   ]
  },
  {
   "cell_type": "markdown",
   "metadata": {},
   "source": [
    "We use a random correlation matrix generator taken from ‘Machine Learning for Asset Managers’, Marcos M. Lopez de Prado, Cornell University, New York, April 2020, Chapter 4, Page 61-62 to generate a random block of a correlation matrix."
   ]
  },
  {
   "cell_type": "markdown",
   "metadata": {},
   "source": [
    "The function getCovSub has the purpose of finding the Sub Covariance Matrix."
   ]
  },
  {
   "cell_type": "code",
   "execution_count": 5,
   "metadata": {},
   "outputs": [],
   "source": [
    "def getCovSub(nObs,nCols,sigma,random_state=None): \n",
    "    # Sub covariance matrix \n",
    "    rng = check_random_state(random_state) \n",
    "    if nCols==1:return np.ones((1,1)) \n",
    "    ar0=rng.normal(size=(nObs,1))     \n",
    "    ar0=np.repeat(ar0,nCols,axis=1)     \n",
    "    ar0+=rng.normal(scale=sigma,size=ar0.shape)     \n",
    "    ar0=np.cov(ar0,rowvar=False)     \n",
    "    return ar0"
   ]
  },
  {
   "cell_type": "markdown",
   "metadata": {},
   "source": [
    "The function getRndBlockCov generates a random covariance matrix with a given number of blocks."
   ]
  },
  {
   "cell_type": "code",
   "execution_count": 6,
   "metadata": {},
   "outputs": [],
   "source": [
    "def getRndBlockCov(nCols,nBlocks,minBlockSize=1,sigma=1.,random_state=None):\n",
    "    # Generate a random covariance matrix with a given number of blocks     \n",
    "    rng = check_random_state(random_state)     \n",
    "    parts=rng.choice(range(1,nCols-(minBlockSize-1)*nBlocks),nBlocks-1,replace=False)     \n",
    "    parts.sort()     \n",
    "    parts=np.append(parts,nCols-(minBlockSize-1)*nBlocks)     \n",
    "    parts=np.append(parts[0],np.diff( parts )) - 1 + minBlockSize     \n",
    "    cov=None     \n",
    "    for nCols_ in parts:         \n",
    "        cov_=getCovSub(int(max(nCols_*(nCols_+1)/2.,100)),nCols_,sigma,random_state=rng)         \n",
    "        if cov is None:cov=cov_.copy()         \n",
    "        else:cov=block_diag(cov,cov_)     \n",
    "    return cov "
   ]
  },
  {
   "cell_type": "markdown",
   "metadata": {},
   "source": [
    "The function cov_to_corr transforms covariance into a correlation matrix and is taken from ml.portfolio_optimization.RiskEstimators. The function cov_to_corr is called by the code : risk_estimators.cov_to_corr(matrix)."
   ]
  },
  {
   "cell_type": "code",
   "execution_count": 7,
   "metadata": {},
   "outputs": [],
   "source": [
    "#A class that contains the cov_to_corr function\n",
    "risk_estimators = ml.portfolio_optimization.RiskEstimators()"
   ]
  },
  {
   "cell_type": "markdown",
   "metadata": {},
   "source": [
    "The function randomBlockCorr forms the random block correlation."
   ]
  },
  {
   "cell_type": "code",
   "execution_count": 8,
   "metadata": {},
   "outputs": [],
   "source": [
    "def randomBlockCorr(nCols,nBlocks,random_state=None,minBlockSize=1):     \n",
    "    # Form block correlation    \n",
    "    rng = check_random_state(random_state)     \n",
    "    cov0=getRndBlockCov(nCols,nBlocks,minBlockSize=minBlockSize,\\\n",
    "                        sigma=.5,random_state=rng) # perfect block corr     \n",
    "    cov1=getRndBlockCov(nCols,1,minBlockSize=minBlockSize,\\\n",
    "                        sigma=1.,random_state=rng) # add noise     \n",
    "    cov0+=cov1     \n",
    "    corr0=risk_estimators.cov_to_corr(cov0)     \n",
    "    corr0=pd.DataFrame(corr0)     \n",
    "    return corr0"
   ]
  },
  {
   "cell_type": "markdown",
   "metadata": {},
   "source": [
    "## Execution of the Random Correlation Block - Matrices Algorithm"
   ]
  },
  {
   "cell_type": "markdown",
   "metadata": {},
   "source": [
    "Execute the randomBlockCorr function to create a random correlation matrix. The matrix has 20 columns and 5 blocks that have high Intra block correlation and low across-block correlation."
   ]
  },
  {
   "cell_type": "code",
   "execution_count": 9,
   "metadata": {},
   "outputs": [],
   "source": [
    "#Set predetermined variables for the algorithm\n",
    "nBlocks1 = 5\n",
    "nCols1= 20"
   ]
  },
  {
   "cell_type": "code",
   "execution_count": 10,
   "metadata": {},
   "outputs": [
    {
     "name": "stdout",
     "output_type": "stream",
     "text": [
      "The random correlation matrix is:\n"
     ]
    },
    {
     "data": {
      "text/html": [
       "<div>\n",
       "<style scoped>\n",
       "    .dataframe tbody tr th:only-of-type {\n",
       "        vertical-align: middle;\n",
       "    }\n",
       "\n",
       "    .dataframe tbody tr th {\n",
       "        vertical-align: top;\n",
       "    }\n",
       "\n",
       "    .dataframe thead th {\n",
       "        text-align: right;\n",
       "    }\n",
       "</style>\n",
       "<table border=\"1\" class=\"dataframe\">\n",
       "  <thead>\n",
       "    <tr style=\"text-align: right;\">\n",
       "      <th></th>\n",
       "      <th>0</th>\n",
       "      <th>1</th>\n",
       "      <th>2</th>\n",
       "      <th>3</th>\n",
       "      <th>4</th>\n",
       "      <th>5</th>\n",
       "      <th>6</th>\n",
       "      <th>7</th>\n",
       "      <th>8</th>\n",
       "      <th>9</th>\n",
       "      <th>10</th>\n",
       "      <th>11</th>\n",
       "      <th>12</th>\n",
       "      <th>13</th>\n",
       "      <th>14</th>\n",
       "      <th>15</th>\n",
       "      <th>16</th>\n",
       "      <th>17</th>\n",
       "      <th>18</th>\n",
       "      <th>19</th>\n",
       "    </tr>\n",
       "  </thead>\n",
       "  <tbody>\n",
       "    <tr>\n",
       "      <th>0</th>\n",
       "      <td>1.000000</td>\n",
       "      <td>0.636226</td>\n",
       "      <td>0.643185</td>\n",
       "      <td>0.623357</td>\n",
       "      <td>0.322188</td>\n",
       "      <td>0.279827</td>\n",
       "      <td>0.320545</td>\n",
       "      <td>0.305661</td>\n",
       "      <td>0.335578</td>\n",
       "      <td>0.290491</td>\n",
       "      <td>0.357703</td>\n",
       "      <td>0.306949</td>\n",
       "      <td>0.330728</td>\n",
       "      <td>0.310395</td>\n",
       "      <td>0.311380</td>\n",
       "      <td>0.300810</td>\n",
       "      <td>0.256255</td>\n",
       "      <td>0.289753</td>\n",
       "      <td>0.327902</td>\n",
       "      <td>0.336917</td>\n",
       "    </tr>\n",
       "    <tr>\n",
       "      <th>1</th>\n",
       "      <td>0.636226</td>\n",
       "      <td>1.000000</td>\n",
       "      <td>0.528567</td>\n",
       "      <td>0.667461</td>\n",
       "      <td>0.319970</td>\n",
       "      <td>0.290067</td>\n",
       "      <td>0.311418</td>\n",
       "      <td>0.290724</td>\n",
       "      <td>0.366725</td>\n",
       "      <td>0.309598</td>\n",
       "      <td>0.336482</td>\n",
       "      <td>0.296167</td>\n",
       "      <td>0.313824</td>\n",
       "      <td>0.275726</td>\n",
       "      <td>0.314728</td>\n",
       "      <td>0.321988</td>\n",
       "      <td>0.297351</td>\n",
       "      <td>0.244471</td>\n",
       "      <td>0.311155</td>\n",
       "      <td>0.294103</td>\n",
       "    </tr>\n",
       "    <tr>\n",
       "      <th>2</th>\n",
       "      <td>0.643185</td>\n",
       "      <td>0.528567</td>\n",
       "      <td>1.000000</td>\n",
       "      <td>0.612971</td>\n",
       "      <td>0.335953</td>\n",
       "      <td>0.279641</td>\n",
       "      <td>0.270408</td>\n",
       "      <td>0.248890</td>\n",
       "      <td>0.332182</td>\n",
       "      <td>0.256764</td>\n",
       "      <td>0.315142</td>\n",
       "      <td>0.315764</td>\n",
       "      <td>0.287203</td>\n",
       "      <td>0.248220</td>\n",
       "      <td>0.269970</td>\n",
       "      <td>0.309781</td>\n",
       "      <td>0.279713</td>\n",
       "      <td>0.281668</td>\n",
       "      <td>0.274048</td>\n",
       "      <td>0.303128</td>\n",
       "    </tr>\n",
       "    <tr>\n",
       "      <th>3</th>\n",
       "      <td>0.623357</td>\n",
       "      <td>0.667461</td>\n",
       "      <td>0.612971</td>\n",
       "      <td>1.000000</td>\n",
       "      <td>0.327826</td>\n",
       "      <td>0.320931</td>\n",
       "      <td>0.360681</td>\n",
       "      <td>0.293722</td>\n",
       "      <td>0.337927</td>\n",
       "      <td>0.298331</td>\n",
       "      <td>0.368136</td>\n",
       "      <td>0.335611</td>\n",
       "      <td>0.347675</td>\n",
       "      <td>0.239107</td>\n",
       "      <td>0.290436</td>\n",
       "      <td>0.340405</td>\n",
       "      <td>0.314447</td>\n",
       "      <td>0.333127</td>\n",
       "      <td>0.308919</td>\n",
       "      <td>0.300225</td>\n",
       "    </tr>\n",
       "    <tr>\n",
       "      <th>4</th>\n",
       "      <td>0.322188</td>\n",
       "      <td>0.319970</td>\n",
       "      <td>0.335953</td>\n",
       "      <td>0.327826</td>\n",
       "      <td>1.000000</td>\n",
       "      <td>0.612756</td>\n",
       "      <td>0.628489</td>\n",
       "      <td>0.376053</td>\n",
       "      <td>0.368470</td>\n",
       "      <td>0.302236</td>\n",
       "      <td>0.351740</td>\n",
       "      <td>0.374150</td>\n",
       "      <td>0.326145</td>\n",
       "      <td>0.309411</td>\n",
       "      <td>0.326684</td>\n",
       "      <td>0.326006</td>\n",
       "      <td>0.274376</td>\n",
       "      <td>0.321139</td>\n",
       "      <td>0.297879</td>\n",
       "      <td>0.329866</td>\n",
       "    </tr>\n",
       "    <tr>\n",
       "      <th>5</th>\n",
       "      <td>0.279827</td>\n",
       "      <td>0.290067</td>\n",
       "      <td>0.279641</td>\n",
       "      <td>0.320931</td>\n",
       "      <td>0.612756</td>\n",
       "      <td>1.000000</td>\n",
       "      <td>0.632260</td>\n",
       "      <td>0.291515</td>\n",
       "      <td>0.306503</td>\n",
       "      <td>0.281799</td>\n",
       "      <td>0.336283</td>\n",
       "      <td>0.347114</td>\n",
       "      <td>0.302070</td>\n",
       "      <td>0.238906</td>\n",
       "      <td>0.259097</td>\n",
       "      <td>0.321742</td>\n",
       "      <td>0.292638</td>\n",
       "      <td>0.291885</td>\n",
       "      <td>0.311189</td>\n",
       "      <td>0.300321</td>\n",
       "    </tr>\n",
       "    <tr>\n",
       "      <th>6</th>\n",
       "      <td>0.320545</td>\n",
       "      <td>0.311418</td>\n",
       "      <td>0.270408</td>\n",
       "      <td>0.360681</td>\n",
       "      <td>0.628489</td>\n",
       "      <td>0.632260</td>\n",
       "      <td>1.000000</td>\n",
       "      <td>0.299035</td>\n",
       "      <td>0.346634</td>\n",
       "      <td>0.312600</td>\n",
       "      <td>0.305384</td>\n",
       "      <td>0.335551</td>\n",
       "      <td>0.343981</td>\n",
       "      <td>0.295788</td>\n",
       "      <td>0.313822</td>\n",
       "      <td>0.304136</td>\n",
       "      <td>0.281368</td>\n",
       "      <td>0.314929</td>\n",
       "      <td>0.306829</td>\n",
       "      <td>0.311672</td>\n",
       "    </tr>\n",
       "    <tr>\n",
       "      <th>7</th>\n",
       "      <td>0.305661</td>\n",
       "      <td>0.290724</td>\n",
       "      <td>0.248890</td>\n",
       "      <td>0.293722</td>\n",
       "      <td>0.376053</td>\n",
       "      <td>0.291515</td>\n",
       "      <td>0.299035</td>\n",
       "      <td>1.000000</td>\n",
       "      <td>0.543987</td>\n",
       "      <td>0.586619</td>\n",
       "      <td>0.354177</td>\n",
       "      <td>0.306819</td>\n",
       "      <td>0.298907</td>\n",
       "      <td>0.254565</td>\n",
       "      <td>0.278901</td>\n",
       "      <td>0.344322</td>\n",
       "      <td>0.251408</td>\n",
       "      <td>0.328785</td>\n",
       "      <td>0.290114</td>\n",
       "      <td>0.310503</td>\n",
       "    </tr>\n",
       "    <tr>\n",
       "      <th>8</th>\n",
       "      <td>0.335578</td>\n",
       "      <td>0.366725</td>\n",
       "      <td>0.332182</td>\n",
       "      <td>0.337927</td>\n",
       "      <td>0.368470</td>\n",
       "      <td>0.306503</td>\n",
       "      <td>0.346634</td>\n",
       "      <td>0.543987</td>\n",
       "      <td>1.000000</td>\n",
       "      <td>0.619464</td>\n",
       "      <td>0.385494</td>\n",
       "      <td>0.351827</td>\n",
       "      <td>0.356463</td>\n",
       "      <td>0.318576</td>\n",
       "      <td>0.345578</td>\n",
       "      <td>0.336432</td>\n",
       "      <td>0.304240</td>\n",
       "      <td>0.296551</td>\n",
       "      <td>0.344255</td>\n",
       "      <td>0.345940</td>\n",
       "    </tr>\n",
       "    <tr>\n",
       "      <th>9</th>\n",
       "      <td>0.290491</td>\n",
       "      <td>0.309598</td>\n",
       "      <td>0.256764</td>\n",
       "      <td>0.298331</td>\n",
       "      <td>0.302236</td>\n",
       "      <td>0.281799</td>\n",
       "      <td>0.312600</td>\n",
       "      <td>0.586619</td>\n",
       "      <td>0.619464</td>\n",
       "      <td>1.000000</td>\n",
       "      <td>0.270973</td>\n",
       "      <td>0.294043</td>\n",
       "      <td>0.272382</td>\n",
       "      <td>0.265587</td>\n",
       "      <td>0.260308</td>\n",
       "      <td>0.305166</td>\n",
       "      <td>0.256215</td>\n",
       "      <td>0.248388</td>\n",
       "      <td>0.284465</td>\n",
       "      <td>0.288006</td>\n",
       "    </tr>\n",
       "    <tr>\n",
       "      <th>10</th>\n",
       "      <td>0.357703</td>\n",
       "      <td>0.336482</td>\n",
       "      <td>0.315142</td>\n",
       "      <td>0.368136</td>\n",
       "      <td>0.351740</td>\n",
       "      <td>0.336283</td>\n",
       "      <td>0.305384</td>\n",
       "      <td>0.354177</td>\n",
       "      <td>0.385494</td>\n",
       "      <td>0.270973</td>\n",
       "      <td>1.000000</td>\n",
       "      <td>0.661150</td>\n",
       "      <td>0.591983</td>\n",
       "      <td>0.591628</td>\n",
       "      <td>0.611789</td>\n",
       "      <td>0.360541</td>\n",
       "      <td>0.247728</td>\n",
       "      <td>0.283782</td>\n",
       "      <td>0.285612</td>\n",
       "      <td>0.368816</td>\n",
       "    </tr>\n",
       "    <tr>\n",
       "      <th>11</th>\n",
       "      <td>0.306949</td>\n",
       "      <td>0.296167</td>\n",
       "      <td>0.315764</td>\n",
       "      <td>0.335611</td>\n",
       "      <td>0.374150</td>\n",
       "      <td>0.347114</td>\n",
       "      <td>0.335551</td>\n",
       "      <td>0.306819</td>\n",
       "      <td>0.351827</td>\n",
       "      <td>0.294043</td>\n",
       "      <td>0.661150</td>\n",
       "      <td>1.000000</td>\n",
       "      <td>0.647372</td>\n",
       "      <td>0.583377</td>\n",
       "      <td>0.670548</td>\n",
       "      <td>0.330414</td>\n",
       "      <td>0.242233</td>\n",
       "      <td>0.298495</td>\n",
       "      <td>0.293828</td>\n",
       "      <td>0.342035</td>\n",
       "    </tr>\n",
       "    <tr>\n",
       "      <th>12</th>\n",
       "      <td>0.330728</td>\n",
       "      <td>0.313824</td>\n",
       "      <td>0.287203</td>\n",
       "      <td>0.347675</td>\n",
       "      <td>0.326145</td>\n",
       "      <td>0.302070</td>\n",
       "      <td>0.343981</td>\n",
       "      <td>0.298907</td>\n",
       "      <td>0.356463</td>\n",
       "      <td>0.272382</td>\n",
       "      <td>0.591983</td>\n",
       "      <td>0.647372</td>\n",
       "      <td>1.000000</td>\n",
       "      <td>0.577301</td>\n",
       "      <td>0.628221</td>\n",
       "      <td>0.304904</td>\n",
       "      <td>0.240673</td>\n",
       "      <td>0.284245</td>\n",
       "      <td>0.357529</td>\n",
       "      <td>0.314415</td>\n",
       "    </tr>\n",
       "    <tr>\n",
       "      <th>13</th>\n",
       "      <td>0.310395</td>\n",
       "      <td>0.275726</td>\n",
       "      <td>0.248220</td>\n",
       "      <td>0.239107</td>\n",
       "      <td>0.309411</td>\n",
       "      <td>0.238906</td>\n",
       "      <td>0.295788</td>\n",
       "      <td>0.254565</td>\n",
       "      <td>0.318576</td>\n",
       "      <td>0.265587</td>\n",
       "      <td>0.591628</td>\n",
       "      <td>0.583377</td>\n",
       "      <td>0.577301</td>\n",
       "      <td>1.000000</td>\n",
       "      <td>0.587561</td>\n",
       "      <td>0.314485</td>\n",
       "      <td>0.260891</td>\n",
       "      <td>0.253049</td>\n",
       "      <td>0.271642</td>\n",
       "      <td>0.305065</td>\n",
       "    </tr>\n",
       "    <tr>\n",
       "      <th>14</th>\n",
       "      <td>0.311380</td>\n",
       "      <td>0.314728</td>\n",
       "      <td>0.269970</td>\n",
       "      <td>0.290436</td>\n",
       "      <td>0.326684</td>\n",
       "      <td>0.259097</td>\n",
       "      <td>0.313822</td>\n",
       "      <td>0.278901</td>\n",
       "      <td>0.345578</td>\n",
       "      <td>0.260308</td>\n",
       "      <td>0.611789</td>\n",
       "      <td>0.670548</td>\n",
       "      <td>0.628221</td>\n",
       "      <td>0.587561</td>\n",
       "      <td>1.000000</td>\n",
       "      <td>0.307978</td>\n",
       "      <td>0.248706</td>\n",
       "      <td>0.234307</td>\n",
       "      <td>0.291806</td>\n",
       "      <td>0.342058</td>\n",
       "    </tr>\n",
       "    <tr>\n",
       "      <th>15</th>\n",
       "      <td>0.300810</td>\n",
       "      <td>0.321988</td>\n",
       "      <td>0.309781</td>\n",
       "      <td>0.340405</td>\n",
       "      <td>0.326006</td>\n",
       "      <td>0.321742</td>\n",
       "      <td>0.304136</td>\n",
       "      <td>0.344322</td>\n",
       "      <td>0.336432</td>\n",
       "      <td>0.305166</td>\n",
       "      <td>0.360541</td>\n",
       "      <td>0.330414</td>\n",
       "      <td>0.304904</td>\n",
       "      <td>0.314485</td>\n",
       "      <td>0.307978</td>\n",
       "      <td>1.000000</td>\n",
       "      <td>0.597481</td>\n",
       "      <td>0.642846</td>\n",
       "      <td>0.596029</td>\n",
       "      <td>0.650714</td>\n",
       "    </tr>\n",
       "    <tr>\n",
       "      <th>16</th>\n",
       "      <td>0.256255</td>\n",
       "      <td>0.297351</td>\n",
       "      <td>0.279713</td>\n",
       "      <td>0.314447</td>\n",
       "      <td>0.274376</td>\n",
       "      <td>0.292638</td>\n",
       "      <td>0.281368</td>\n",
       "      <td>0.251408</td>\n",
       "      <td>0.304240</td>\n",
       "      <td>0.256215</td>\n",
       "      <td>0.247728</td>\n",
       "      <td>0.242233</td>\n",
       "      <td>0.240673</td>\n",
       "      <td>0.260891</td>\n",
       "      <td>0.248706</td>\n",
       "      <td>0.597481</td>\n",
       "      <td>1.000000</td>\n",
       "      <td>0.625420</td>\n",
       "      <td>0.633935</td>\n",
       "      <td>0.632599</td>\n",
       "    </tr>\n",
       "    <tr>\n",
       "      <th>17</th>\n",
       "      <td>0.289753</td>\n",
       "      <td>0.244471</td>\n",
       "      <td>0.281668</td>\n",
       "      <td>0.333127</td>\n",
       "      <td>0.321139</td>\n",
       "      <td>0.291885</td>\n",
       "      <td>0.314929</td>\n",
       "      <td>0.328785</td>\n",
       "      <td>0.296551</td>\n",
       "      <td>0.248388</td>\n",
       "      <td>0.283782</td>\n",
       "      <td>0.298495</td>\n",
       "      <td>0.284245</td>\n",
       "      <td>0.253049</td>\n",
       "      <td>0.234307</td>\n",
       "      <td>0.642846</td>\n",
       "      <td>0.625420</td>\n",
       "      <td>1.000000</td>\n",
       "      <td>0.589118</td>\n",
       "      <td>0.602148</td>\n",
       "    </tr>\n",
       "    <tr>\n",
       "      <th>18</th>\n",
       "      <td>0.327902</td>\n",
       "      <td>0.311155</td>\n",
       "      <td>0.274048</td>\n",
       "      <td>0.308919</td>\n",
       "      <td>0.297879</td>\n",
       "      <td>0.311189</td>\n",
       "      <td>0.306829</td>\n",
       "      <td>0.290114</td>\n",
       "      <td>0.344255</td>\n",
       "      <td>0.284465</td>\n",
       "      <td>0.285612</td>\n",
       "      <td>0.293828</td>\n",
       "      <td>0.357529</td>\n",
       "      <td>0.271642</td>\n",
       "      <td>0.291806</td>\n",
       "      <td>0.596029</td>\n",
       "      <td>0.633935</td>\n",
       "      <td>0.589118</td>\n",
       "      <td>1.000000</td>\n",
       "      <td>0.642077</td>\n",
       "    </tr>\n",
       "    <tr>\n",
       "      <th>19</th>\n",
       "      <td>0.336917</td>\n",
       "      <td>0.294103</td>\n",
       "      <td>0.303128</td>\n",
       "      <td>0.300225</td>\n",
       "      <td>0.329866</td>\n",
       "      <td>0.300321</td>\n",
       "      <td>0.311672</td>\n",
       "      <td>0.310503</td>\n",
       "      <td>0.345940</td>\n",
       "      <td>0.288006</td>\n",
       "      <td>0.368816</td>\n",
       "      <td>0.342035</td>\n",
       "      <td>0.314415</td>\n",
       "      <td>0.305065</td>\n",
       "      <td>0.342058</td>\n",
       "      <td>0.650714</td>\n",
       "      <td>0.632599</td>\n",
       "      <td>0.602148</td>\n",
       "      <td>0.642077</td>\n",
       "      <td>1.000000</td>\n",
       "    </tr>\n",
       "  </tbody>\n",
       "</table>\n",
       "</div>"
      ],
      "text/plain": [
       "           0         1         2         3         4         5         6  \\\n",
       "0   1.000000  0.636226  0.643185  0.623357  0.322188  0.279827  0.320545   \n",
       "1   0.636226  1.000000  0.528567  0.667461  0.319970  0.290067  0.311418   \n",
       "2   0.643185  0.528567  1.000000  0.612971  0.335953  0.279641  0.270408   \n",
       "3   0.623357  0.667461  0.612971  1.000000  0.327826  0.320931  0.360681   \n",
       "4   0.322188  0.319970  0.335953  0.327826  1.000000  0.612756  0.628489   \n",
       "5   0.279827  0.290067  0.279641  0.320931  0.612756  1.000000  0.632260   \n",
       "6   0.320545  0.311418  0.270408  0.360681  0.628489  0.632260  1.000000   \n",
       "7   0.305661  0.290724  0.248890  0.293722  0.376053  0.291515  0.299035   \n",
       "8   0.335578  0.366725  0.332182  0.337927  0.368470  0.306503  0.346634   \n",
       "9   0.290491  0.309598  0.256764  0.298331  0.302236  0.281799  0.312600   \n",
       "10  0.357703  0.336482  0.315142  0.368136  0.351740  0.336283  0.305384   \n",
       "11  0.306949  0.296167  0.315764  0.335611  0.374150  0.347114  0.335551   \n",
       "12  0.330728  0.313824  0.287203  0.347675  0.326145  0.302070  0.343981   \n",
       "13  0.310395  0.275726  0.248220  0.239107  0.309411  0.238906  0.295788   \n",
       "14  0.311380  0.314728  0.269970  0.290436  0.326684  0.259097  0.313822   \n",
       "15  0.300810  0.321988  0.309781  0.340405  0.326006  0.321742  0.304136   \n",
       "16  0.256255  0.297351  0.279713  0.314447  0.274376  0.292638  0.281368   \n",
       "17  0.289753  0.244471  0.281668  0.333127  0.321139  0.291885  0.314929   \n",
       "18  0.327902  0.311155  0.274048  0.308919  0.297879  0.311189  0.306829   \n",
       "19  0.336917  0.294103  0.303128  0.300225  0.329866  0.300321  0.311672   \n",
       "\n",
       "           7         8         9        10        11        12        13  \\\n",
       "0   0.305661  0.335578  0.290491  0.357703  0.306949  0.330728  0.310395   \n",
       "1   0.290724  0.366725  0.309598  0.336482  0.296167  0.313824  0.275726   \n",
       "2   0.248890  0.332182  0.256764  0.315142  0.315764  0.287203  0.248220   \n",
       "3   0.293722  0.337927  0.298331  0.368136  0.335611  0.347675  0.239107   \n",
       "4   0.376053  0.368470  0.302236  0.351740  0.374150  0.326145  0.309411   \n",
       "5   0.291515  0.306503  0.281799  0.336283  0.347114  0.302070  0.238906   \n",
       "6   0.299035  0.346634  0.312600  0.305384  0.335551  0.343981  0.295788   \n",
       "7   1.000000  0.543987  0.586619  0.354177  0.306819  0.298907  0.254565   \n",
       "8   0.543987  1.000000  0.619464  0.385494  0.351827  0.356463  0.318576   \n",
       "9   0.586619  0.619464  1.000000  0.270973  0.294043  0.272382  0.265587   \n",
       "10  0.354177  0.385494  0.270973  1.000000  0.661150  0.591983  0.591628   \n",
       "11  0.306819  0.351827  0.294043  0.661150  1.000000  0.647372  0.583377   \n",
       "12  0.298907  0.356463  0.272382  0.591983  0.647372  1.000000  0.577301   \n",
       "13  0.254565  0.318576  0.265587  0.591628  0.583377  0.577301  1.000000   \n",
       "14  0.278901  0.345578  0.260308  0.611789  0.670548  0.628221  0.587561   \n",
       "15  0.344322  0.336432  0.305166  0.360541  0.330414  0.304904  0.314485   \n",
       "16  0.251408  0.304240  0.256215  0.247728  0.242233  0.240673  0.260891   \n",
       "17  0.328785  0.296551  0.248388  0.283782  0.298495  0.284245  0.253049   \n",
       "18  0.290114  0.344255  0.284465  0.285612  0.293828  0.357529  0.271642   \n",
       "19  0.310503  0.345940  0.288006  0.368816  0.342035  0.314415  0.305065   \n",
       "\n",
       "          14        15        16        17        18        19  \n",
       "0   0.311380  0.300810  0.256255  0.289753  0.327902  0.336917  \n",
       "1   0.314728  0.321988  0.297351  0.244471  0.311155  0.294103  \n",
       "2   0.269970  0.309781  0.279713  0.281668  0.274048  0.303128  \n",
       "3   0.290436  0.340405  0.314447  0.333127  0.308919  0.300225  \n",
       "4   0.326684  0.326006  0.274376  0.321139  0.297879  0.329866  \n",
       "5   0.259097  0.321742  0.292638  0.291885  0.311189  0.300321  \n",
       "6   0.313822  0.304136  0.281368  0.314929  0.306829  0.311672  \n",
       "7   0.278901  0.344322  0.251408  0.328785  0.290114  0.310503  \n",
       "8   0.345578  0.336432  0.304240  0.296551  0.344255  0.345940  \n",
       "9   0.260308  0.305166  0.256215  0.248388  0.284465  0.288006  \n",
       "10  0.611789  0.360541  0.247728  0.283782  0.285612  0.368816  \n",
       "11  0.670548  0.330414  0.242233  0.298495  0.293828  0.342035  \n",
       "12  0.628221  0.304904  0.240673  0.284245  0.357529  0.314415  \n",
       "13  0.587561  0.314485  0.260891  0.253049  0.271642  0.305065  \n",
       "14  1.000000  0.307978  0.248706  0.234307  0.291806  0.342058  \n",
       "15  0.307978  1.000000  0.597481  0.642846  0.596029  0.650714  \n",
       "16  0.248706  0.597481  1.000000  0.625420  0.633935  0.632599  \n",
       "17  0.234307  0.642846  0.625420  1.000000  0.589118  0.602148  \n",
       "18  0.291806  0.596029  0.633935  0.589118  1.000000  0.642077  \n",
       "19  0.342058  0.650714  0.632599  0.602148  0.642077  1.000000  "
      ]
     },
     "execution_count": 10,
     "metadata": {},
     "output_type": "execute_result"
    }
   ],
   "source": [
    "#randomBlockCorr(nCols,nBlocks,random_state=None,minBlockSize=1)\n",
    "corr0A=randomBlockCorr(nCols1,nBlocks1,random_state=None,minBlockSize=1)\n",
    "\n",
    "print('The random correlation matrix is:')\n",
    "corr0A"
   ]
  },
  {
   "cell_type": "code",
   "execution_count": 11,
   "metadata": {},
   "outputs": [
    {
     "name": "stdout",
     "output_type": "stream",
     "text": [
      "The heatmap of the correlation matrix is:\n"
     ]
    },
    {
     "data": {
      "text/plain": [
       "<matplotlib.axes._subplots.AxesSubplot at 0x24bf42c4358>"
      ]
     },
     "execution_count": 11,
     "metadata": {},
     "output_type": "execute_result"
    },
    {
     "data": {
